# Number of parameters = 161 Objective function value = 181.949603046850  Maximum gradient component = 29.8992826290686
# q_surv[1]:
1.00000000000
# fishsel_params_f[1]:
0.400000000000
# fishsel_params_f[2]:
5.00000000000
# fishsel_params_m[1]:
0.100000000000
# fishsel_params_m[2]:
8.00000000000
# srv_params_f[1]:
1.70391363574
# srv_params_f[2]:
2.79627889716
# srv_params_m[1]:
1.68906234560
# srv_params_m[2]:
2.98139503868
# srv1desc_params_f[1]:
0.800000000000
# srv1desc_params_f[2]:
4.00000000000
# srv1desc_params_m[1]:
0.400000000000
# srv1desc_params_m[2]:
8.00000000000
# alpha:
1.00000000000
# beta:
0.00000000000
# mean_log_rec:
13.2089462092
# rec_dev:
-7.47451915324e-02 -9.60739553368e-02 -7.28266085281e-02 -4.49094191378e-02 -1.88807192847e-02 -1.67444269592e-03 -1.05373775946e-02 -5.35438316905e-02 -8.65717984144e-02 -1.00962308837e-01 -6.75633900509e-02 -2.62887925584e-02  2.43551938613e-02  5.34525214245e-02  7.90253521626e-02  1.03425352035e-01  1.24209387187e-01  1.42561705512e-01  1.58814081660e-01 -8.03174615261e-02 0.01250506615382  0.14314374212639  0.25597175868659  0.19997952724027 0.05205588886214  0.00247497152949  0.11498697663144  0.43450823386534 0.82001452502523  0.78430616852826  0.72918807931453  0.73401456813235 0.65792542689764  0.50210934137837  0.57175387268066  0.54680471797744 0.32682299306819  0.31738307553153  0.38876047143727  0.35999571160872 0.55373954188582  0.80867802041656  0.88247139856908  1.12147643370625 0.69359758128584  0.58726709458057  0.49946679177879  0.55062421611325 0.56966855467633  0.50270951450630  0.18779740062020  0.14327631009726-0.14891771267689 -0.17245407935042  0.07057332375292  0.23843705726155 0.24833715677778  0.04315635312612 -0.08096385765179  0.05136683817898 0.13759236975608  0.43742365759154 -0.00107265693499  0.17345655949724 0.24696932994899  0.24974167592335  0.24992874745364
# log_avg_fmort:
-4.06684247974
# fmort_dev: -0.087416951309282 -0.190090907419162 -0.282161262091981 -0.237069119749837 -0.282354564656573 -0.748335349634951 -0.441901359995229 -1.054018361917287 -1.878318562206943 -2.132183806647277 -0.759922264314363 -0.749027187814363 -1.465744492863082 -0.423204621095861  0.334618601230678  0.509310016837098  0.314733154598431  0.447924980567332  0.185992688128786  0.368898576086366  0.040504014822437 -0.197879206326548  0.021311697246704  0.435240535789881  0.254270799062646  0.321134651467461  0.671668403387962  0.000898970285306  0.199384437491633  0.488513288892441  0.376299880708482  0.497000842356438  0.335022298225499  0.328482823680552  0.590343589870807  0.220901585587662  0.304293528920814  0.864865557021906  0.289477307269412  0.374662682371418  0.728937914759208  0.418091425550061  0.717413697605597  0.598449767648113 -0.131059634851427  0.033202711597072 -0.211210524954318
# log_selcoffs_fish: 
-4.4824291590964 -3.6754696511966 -2.8820214573363 -2.1283342225548 -1.4436267339608 -0.8481137239429 -0.3511474040820  0.0402474580195  0.3144981133399  0.4664155065289  0.5128120129419  0.4999103852617  0.4685738153785  0.4316874610244  0.3944502945546  0.3587391265612  0.3257119350388  0.2961793048140  0.2733551688496
-4.4729094181169 -3.5640721797339 -2.6713696275160 -1.8273861234313 -1.0737559947652 -0.4506660714188  0.0126255989791  0.3067662955198  0.4468075513719  0.4742212202662  0.4538353078791  0.4184758298303  0.3772091873303  0.3340563297167  0.2916551631301  0.2520939437811  0.2172154560724  0.1888555771914  0.1700229852682
# sexr_param_fish:
1.00000000000
# F40:
0.201874126354
# F35:
0.246185371997
# F30:
0.258692264137
