# Number of parameters = 161 Objective function value = 65684.2769971747  Maximum gradient component = 0.00000000000000
# q_surv[1]:
1.00000000000
# fishsel_params_f[1]:
0.400000000000
# fishsel_params_f[2]:
5.00000000000
# fishsel_params_m[1]:
0.100000000000
# fishsel_params_m[2]:
8.00000000000
# srv_params_f[1]:
1.70391363574
# srv_params_f[2]:
2.79627889716
# srv_params_m[1]:
1.68906234560
# srv_params_m[2]:
2.98139503868
# srv1desc_params_f[1]:
0.800000000000
# srv1desc_params_f[2]:
4.00000000000
# srv1desc_params_m[1]:
0.400000000000
# srv1desc_params_m[2]:
8.00000000000
# alpha:
1.00000000000
# beta:
0.00000000000
# mean_log_rec:
13.4589460062
# rec_dev:
-0.330318801958 -0.091186492171 -0.107438955313 -0.125791364751 -0.146575502410 -0.170975613677 -0.196548559961 -0.225646009389 -0.276290029839 -0.317564600697 -0.350963150540 -0.336572233295 -0.303544041357 -0.260537492583 -0.251674495753 -0.268880680572 -0.294909296606 -0.322826296668 -0.346073431885 -0.324744576207 -0.237494353350 -0.106855725302  0.005972235716 -0.050019996548 -0.197943617671 -0.247524652948 -0.135012738325  0.184508409770  0.570014710276  0.534306390577  0.479188353245  0.484014772797  0.407925660101  0.252109565918  0.321754115522  0.296805041395  0.076823280223  0.067383321309  0.138760707728  0.109995904993  0.303739717090  0.558678253676  0.632471731627  0.871476864851  0.443597838575  0.337267271347  0.249466914987  0.300624285800  0.319668554109  0.252709467451 -0.062202534457 -0.106723639905 -0.398917713103 -0.422454040507 -0.179426655959 -0.011562916108 -0.001662819538 -0.206843643567 -0.330963738535 -0.198632959762 -0.112407480892  0.187423867665 -0.251072530778 -0.076543534956 -0.003030698322 -0.000258346223 -0.000071274361
# log_avg_fmort:
-4.06684349568
# fmort_dev:
 -0.087416951309282 -0.190090907419162 -0.282161262091981 -0.237069119749837 -0.282354564656573 -0.748335349634951 -0.441901359995229 -1.054018361917287 -1.878318562206943 -2.132183806647277 -0.759922264314363 -0.749027187814363 -1.465744492863082 -0.423204621095861  0.334618601230678  0.509310016837098  0.314733154598431  0.447924980567332  0.185992688128786  0.368898576086366  0.040504014822437 -0.197879206326548  0.021311697246704  0.435240535789881  0.254270799062646  0.321134651467461  0.671668403387962  0.000898970285306  0.199384437491633  0.488513288892441  0.376299880708482  0.497000842356438  0.335022298225499  0.328482823680552  0.590343589870807  0.220901585587662  0.304293528920814  0.864865557021906  0.289477307269412  0.374662682371418  0.728937914759208  0.418091425550061  0.717413697605597  0.598449767648113 -0.131059634851427  0.033202711597072 -0.211210524954318
# log_selcoffs_fish:
 -4.48242915910 -3.67546965120 -2.88202145734 -2.12833422255 -1.44362673396 -0.848113723943 -0.351147404082 0.0402474580195 0.314498113340 0.466415506529 0.512812012942 0.499910385262 0.468573815379 0.431687461024 0.394450294555 0.358739126561 0.325711935039 0.296179304814 0.273355168850
 -4.47290941812 -3.56407217973 -2.67136962752 -1.82738612343 -1.07375599477 -0.450666071419 0.0126255989791 0.306766295520 0.446807551372 0.474221220266 0.453835307879 0.418475829830 0.377209187330 0.334056329717 0.291655163130 0.252093943781 0.217215456072 0.188855577191 0.170022985268
# sexr_param_fish:
1.00000000000
# F40:
0.201874126354
# F35:
0.246185371997
# F30:
0.258692264137
