#Species name here:
GOA_ATF
#SSL Species?
0
#Constant buffer of Dorn?
0
#Number of fisheries?
1
#Number of sexes?
2
#5year_Average_F(endyr-4,endyr_as_estimated_by_ADmodel)
0.0225756
#_Author_F_as_fraction_F_40%
1
#ABC SPR
0.4
#MSY SPR
0.35
#_Spawn_month
2
#_Number_of_ages
21
#_F_ratio(must_sum_to_one_only_one_fishery)
1
#_Natural_Mortality 1 2 3 4 5 6 7 8 9 10 11 12 13 14 15 16 17 18 19 20 21
 0.2 0.2 0.2 0.2 0.2 0.2 0.2 0.2 0.2 0.2 0.2 0.2 0.2 0.2 0.2 0.2 0.2 0.2 0.2 0.2 0.2
#_Natural_Mortality 1 2 3 4 5 6 7 8 9 10 11 12 13 14 15 16 17 18 19 20 21
 0.35 0.35 0.35 0.35 0.35 0.35 0.35 0.35 0.35 0.35 0.35 0.35 0.35 0.35 0.35 0.35 0.35 0.35 0.35 0.35 0.35
#_Maturity_divided_by_2(projection_program_uses_to_get_female_spawning_biomass_if_sdivide_by_2 1 2 3 4 5 6 7 8 9 10 11 12 13 14 15 16 17 18 19 20 21
 0 0.001 0.004 0.016 0.062 0.209 0.513 0.808 0.944 0.985 0.996 0.999 1 1 1 1 1 1 1 1 1
#_Wt_at_age_spawners 1 2 3 4 5 6 7 8 9 10 11 12 13 14 15 16 17 18 19 20 21
 0.0615685 0.120383 0.201743 0.305137 0.429037 0.571272 0.729304 0.900441 1.08199 1.27136 1.46615 1.66413 1.86337 2.06212 2.25892 2.45251 2.64185 2.82609 3.00458 3.1768 3.72969
#_Wt_at_age_fishery1 female 1 2 3 4 5 6 7 8 9 10 11 12 13 14 15 16 17 18 19 20 21
 0.0615685 0.120383 0.201743 0.305137 0.429037 0.571272 0.729304 0.900441 1.08199 1.27136 1.46615 1.66413 1.86337 2.06212 2.25892 2.45251 2.64185 2.82609 3.00458 3.1768 3.72969
#_Wt_at_age_spawners1 male 1 2 3 4 5 6 7 8 9 10 11 12 13 14 15 16 17 18 19 20 21
 0.0424556 0.0982776 0.173798 0.262825 0.359179 0.45764 0.554226 0.646163 0.731696 0.809874 0.880339 0.943148 0.998632 1.04729 1.0897 1.1265 1.15828 1.18565 1.20915 1.22928 1.26598
#_Selectivity_fishery_scaled_to_max_at_one 1 2 3 4 5 6 7 8 9 10 11 12 13 14 15 16 17 18 19 20 21
 0.00677009 0.0151723 0.0335461 0.0712795 0.141361 0.256423 0.42149 0.623401 0.820112 0.954663 1 0.987181 0.956726 0.922079 0.888375 0.85721 0.829361 0.805226 0.787055 0.787055 0.787055
#_Selectivity_fishery_scaled_to_max_at_one 1 2 3 4 5 6 7 8 9 10 11 12 13 14 15 16 17 18 19 20 21
 0.00710376 0.0176275 0.0430415 0.100098 0.212678 0.396576 0.630277 0.845815 0.972959 1 0.97982 0.94578 0.907545 0.869215 0.83313 0.800813 0.773364 0.751739 0.737715 0.737715 0.737715
#_Numbers_at_age_end_year 1 2 3 4 5 6 7 8 9 10 11 12 13 14 15 16 17 18 19 20 21
 218000 286479 233841 177766 122058 154491 93217.6 69380.4 49066.3 44589.6 43724.7 34463.1 23162.5 14447.6 11782.4 12590.6 10518.5 11531.2 9879.92 7779.16 35774.4
 218000 246574 173227 113328 66942.7 72838.6 37731.1 24070.6 14575.7 11345.2 9545.16 6470.05 3748.12 2017.52 1419.97 1309.34 943.891 893.292 660.809 448.854 1139.62
#_N_recruitment_years
38
#_Spawners per recruitment (starting at 1977)
 663629 654783 646473 638330 629942 623465 623287 627459 639359 654070 665914 672254 683194 711093 755277 805153 852559 896927 929326 954797 968094 979539 984532 978498 963368 955885 958495 972283 1.01717e+06 1.06745e+06 1.10173e+06 1.11682e+06 1.1127e+06 1.10462e+06 1.09362e+06 1.07052e+06 1.04459e+06 1.0057e+06 945490 898322 856489 818857 795180 767585
