# Number of parameters = 157 Objective function value = 177.674074060475  Maximum gradient component = 0.000708801316826158
# q_surv[1]:
1.00000000000
# fishsel_params_f[1]:
0.400000000000
# fishsel_params_f[2]:
5.00000000000
# fishsel_params_m[1]:
0.100000000000
# fishsel_params_m[2]:
8.00000000000
# srv_params_f[1]:
1.70912341984
# srv_params_f[2]:
2.79531808729
# srv_params_m[1]:
1.69414408415
# srv_params_m[2]:
2.97969881717
# srv1desc_params_f[1]:
0.800000000000
# srv1desc_params_f[2]:
4.00000000000
# srv1desc_params_m[1]:
0.400000000000
# srv1desc_params_m[2]:
8.00000000000
# alpha:
1.00000000000
# beta:
0.00000000000
# mean_log_rec:
19.6944574206
# rec_dev:
 -0.251547606332 -0.0656653508798 -0.0780750984656 -0.0925968579815 -0.109093750335 -0.129063255199 -0.151595678527 -0.177226903367 -0.211697239553 -0.248310866086 -0.278793163879 -0.252567148510 -0.212272802824 -0.162745768681 -0.152633875892 -0.170106050351 -0.199381512841 -0.236136595345 -0.272509447457 -0.267905662888 -0.204901835836 -0.108605088251 -0.0336244392305 -0.116303520805 -0.269364071687 -0.303617281856 -0.180286364156 0.129549425943 0.507447516162 0.477699143318 0.434830190425 0.453213800710 0.389460375659 0.236055692395 0.299109422248 0.263488421664 0.0398472818159 0.0269230716219 0.0966076750271 0.0689388026229 0.263758215205 0.520974361115 0.600433721026 0.840249810885 0.414105021984 0.308175843105 0.217129898030 0.262843997541 0.278008257521 0.211471338984 -0.100647753564 -0.144997179990 -0.436443513078 -0.459136101580 -0.212025650628 -0.0362383377744 -0.0232296151570 -0.224532264757 -0.342626814084 -0.203758602581 -0.113851984112 0.196217114726 -0.238307173367 -0.0641161939413 2.20931593020e-08
# log_avg_fmort:
-4.10909260892
# fmort_dev:
 -0.168865131829 -0.276753824836 -0.372487704855 -0.328631221319 -0.373696160041 -0.839156207169 -0.525973801918 -1.13342539920 -1.95118743975 -2.19362598082 -0.800315106316 -0.775101622574 -1.48272399863 -0.425322429683 0.342884778249 0.522818416586 0.331080981237 0.469976137445 0.211290915591 0.397331280657 0.0688985307003 -0.169659090585 0.0517749866383 0.468617764155 0.287221876065 0.354026783525 0.703554713510 0.0272587763299 0.224114445754 0.513025190883 0.399980097629 0.523504808351 0.365130444863 0.361959818041 0.618833237075 0.240065624801 0.316692760127 0.889389093381 0.303480609200 0.393435541639 0.751287403800 0.437797178822 0.737052107466 0.613535211705 -0.109094394705
# log_selcoffs_fish:
 -4.92393267822 -3.94484515976 -2.99356454274 -2.12336901141 -1.38360152128 -0.782465338071 -0.292761433034 0.0992735224394 0.359762350499 0.460017508829 0.455695152809 0.441103950814 0.422347371665 0.401983438319 0.381881720715 0.362822261618 0.345375843259 0.329512916271 0.315381314397
 -4.52917864778 -3.62276326317 -2.73232629986 -1.89006147773 -1.13664498345 -0.510579534852 -0.0391466033620 0.269207919895 0.427601008034 0.472008087497 0.458626956276 0.427886418237 0.390397005424 0.350475753662 0.310809907170 0.273507526063 0.240438012536 0.213455693488 0.195508929232
# sexr_param_fish:
1.00000000000
# F40:
0.194194855932
# F35:
0.236063281883
# F30:
0.506685998316
