# Number of parameters = 161 Objective function value = 177.675930607920  Maximum gradient component = 0.000451902843275261
# q_surv[1]:
1.00000000000
# fishsel_params_f[1]:
0.400000000000
# fishsel_params_f[2]:
5.00000000000
# fishsel_params_m[1]:
0.100000000000
# fishsel_params_m[2]:
8.00000000000
# srv_params_f[1]:
1.70940216008
# srv_params_f[2]:
2.79513814594
# srv_params_m[1]:
1.69432918076
# srv_params_m[2]:
2.97953941277
# srv1desc_params_f[1]:
0.800000000000
# srv1desc_params_f[2]:
4.00000000000
# srv1desc_params_m[1]:
0.400000000000
# srv1desc_params_m[2]:
8.00000000000
# alpha:
1.00000000000
# beta:
0.00000000000
# mean_log_rec:
19.6943359526
# rec_dev:
 -0.251485926074 -0.0656462134904 -0.0780526213560 -0.0925701951458 -0.109062234080 -0.129025851875 -0.151552993257 -0.177177969741 -0.211644522549 -0.248252284143 -0.278728628262 -0.252495823098 -0.212193534847 -0.162656479800 -0.152538072099 -0.170003697814 -0.199275017489 -0.236026323673 -0.272396272271 -0.267787500771 -0.204777680520 -0.108473516967 -0.0334882485056 -0.116173902954 -0.269258560782 -0.303536515179 -0.180183801997 0.129643069485 0.507508385740 0.477818211803 0.434960997950 0.453317285402 0.389587442756 0.236176746828 0.299211603991 0.263618079150 0.0399694071472 0.0270246342586 0.0967278747246 0.0690450028683 0.263842292556 0.521087310912 0.600547174030 0.840372653530 0.414214001181 0.308288016942 0.217233144122 0.262950725009 0.278106695820 0.211565125648 -0.100570619823 -0.144924984023 -0.436390726146 -0.459095787556 -0.212007733291 -0.0362291414688 -0.0232551837146 -0.224605562329 -0.342774336488 -0.204018393534 -0.114326620366 0.195395291657 -0.238827384255 -0.0643240554760 -0.00239641340507 8.14401396735e-08 7.56622885870e-08
# log_avg_fmort:
-4.11241872875
# fmort_dev:
 -0.165486305234 -0.273379075977 -0.369117356768 -0.325265489599 -0.370335250571 -0.835800377801 -0.522623170994 -1.13007980259 -1.94784633987 -2.19028842733 -0.796979850594 -0.771767355683 -1.47938969749 -0.421987547425 0.346220362498 0.526154511371 0.334416950524 0.473311059531 0.214624434974 0.400663757473 0.0722301923541 -0.166328122831 0.0551054299372 0.471947763588 0.290551573243 0.357356311770 0.706884079179 0.0305881245583 0.227443955632 0.516354699515 0.403309796080 0.526835147269 0.368461769006 0.365292440849 0.622167743943 0.243402578616 0.320032845330 0.892733232914 0.306829658876 0.396790647406 0.754650834583 0.441171844210 0.740442376976 0.616947411007 -0.112135445503 0.0518290885616 -0.195941005516
# log_selcoffs_fish:
 -4.92376756857 -3.94470734366 -2.99345436337 -2.12328646034 -1.38354368927 -0.782426695963 -0.292736258786 0.0992896917778 0.359771727765 0.460021452825 0.455698267941 0.441106225620 0.422348602915 0.401983539406 0.381880718532 0.362820254889 0.345372957651 0.329509269615 0.315377061042
 -4.52903539503 -3.62264271015 -2.73222825320 -1.88998505437 -1.13658827926 -0.510540023829 -0.0391214977230 0.269221677547 0.427606682219 0.472009109658 0.458626935246 0.427886143096 0.390396636032 0.350475339251 0.310809459864 0.273507030252 0.240437480234 0.213455161024 0.195508410775
# sexr_param_fish:
1.00000000000
# F40:
0.194191673552
# F35:
0.236059062046
# F30:
0.230016576840
