#Species name here:
GOA_ATF
#SSL Species?
0
#Constant buffer of Dorn?
0
#Number of fisheries?
1
#Number of sexes?
2
#5year_Average_F(endyr-4,endyr_as_estimated_by_ADmodel)
0.0219965
#_Author_F_as_fraction_F_40%
1
#ABC SPR
0.4
#MSY SPR
0.35
#_Spawn_month
2
#_Number_of_ages
21
#_F_ratio(must_sum_to_one_only_one_fishery)
1
#_Natural_Mortality 1 2 3 4 5 6 7 8 9 10 11 12 13 14 15 16 17 18 19 20 21
 0.2 0.2 0.2 0.2 0.2 0.2 0.2 0.2 0.2 0.2 0.2 0.2 0.2 0.2 0.2 0.2 0.2 0.2 0.2 0.2 0.2
#_Natural_Mortality 1 2 3 4 5 6 7 8 9 10 11 12 13 14 15 16 17 18 19 20 21
 0.35 0.35 0.35 0.35 0.35 0.35 0.35 0.35 0.35 0.35 0.35 0.35 0.35 0.35 0.35 0.35 0.35 0.35 0.35 0.35 0.35
#_Maturity_divided_by_2(projection_program_uses_to_get_female_spawning_biomass_if_sdivide_by_2 1 2 3 4 5 6 7 8 9 10 11 12 13 14 15 16 17 18 19 20 21
 0 0.001 0.004 0.016 0.062 0.209 0.513 0.808 0.944 0.985 0.996 0.999 1 1 1 1 1 1 1 1 1
#_Wt_at_age_spawners 1 2 3 4 5 6 7 8 9 10 11 12 13 14 15 16 17 18 19 20 21
 0.0615685 0.120383 0.201743 0.305137 0.429037 0.571272 0.729304 0.900441 1.08199 1.27136 1.46615 1.66413 1.86337 2.06212 2.25892 2.45251 2.64185 2.82609 3.00458 3.1768 3.72969
#_Wt_at_age_fishery1 female 1 2 3 4 5 6 7 8 9 10 11 12 13 14 15 16 17 18 19 20 21
 0.0615685 0.120383 0.201743 0.305137 0.429037 0.571272 0.729304 0.900441 1.08199 1.27136 1.46615 1.66413 1.86337 2.06212 2.25892 2.45251 2.64185 2.82609 3.00458 3.1768 3.72969
#_Wt_at_age_spawners1 male 1 2 3 4 5 6 7 8 9 10 11 12 13 14 15 16 17 18 19 20 21
 0.0424556 0.0982776 0.173798 0.262825 0.359179 0.45764 0.554226 0.646163 0.731696 0.809874 0.880339 0.943148 0.998632 1.04729 1.0897 1.1265 1.15828 1.18565 1.20915 1.22928 1.26598
#_Selectivity_fishery_scaled_to_max_at_one 1 2 3 4 5 6 7 8 9 10 11 12 13 14 15 16 17 18 19 20 21
 0.0045904 0.0122194 0.0316355 0.0755238 0.158252 0.288677 0.471066 0.697166 0.904611 1 0.995686 0.981263 0.963028 0.943614 0.924834 0.907373 0.89168 0.877646 0.86533 0.86533 0.86533
#_Selectivity_fishery_scaled_to_max_at_one 1 2 3 4 5 6 7 8 9 10 11 12 13 14 15 16 17 18 19 20 21
 0.00673091 0.0166615 0.0405898 0.0942321 0.200168 0.374356 0.599817 0.816452 0.956569 1 0.986707 0.956836 0.921629 0.885561 0.851122 0.819958 0.793286 0.772167 0.758433 0.758433 0.758433
#_Numbers_at_age_end_year 1 2 3 4 5 6 7 8 9 10 11 12 13 14 15 16 17 18 19 20 21
 218000 292583 238927 183765 126187 159020 94978.3 70405.8 49426.1 44605.2 43552.6 34231.6 22847 14215.2 11597.9 12394.6 10354.5 11312.2 9683.6 7648.55 35117.5
 218000 251819 176981 117138 69202.9 74994.7 38482.6 24481.2 14740.6 11412.8 9568.47 6465.72 3714.58 1990.25 1398.78 1288.02 927.718 874.799 646.254 440.306 1121.36
#_N_recruitment_years
38
#_Spawners per recruitment (starting at 1977)
 724815 718249 711828 704873 696723 689363 686971 687231 693349 700709 704594 703313 707215 728177 765060 807829 849470 890059 920501 945272 958252 969209 973435 966473 950328 941886 943538 956299 1.00034e+06 1.05011e+06 1.08423e+06 1.09951e+06 1.09563e+06 1.08758e+06 1.07629e+06 1.05298e+06 1.02714e+06 988791 929246 882988 842127 805603 783188 757000
