# Number of parameters = 161 Objective function value = 292.495812593980  Maximum gradient component = 57.3807409172801
# q_surv[1]:
1.00000000000
# fishsel_params_f[1]:
0.400000000000
# fishsel_params_f[2]:
5.00000000000
# fishsel_params_m[1]:
0.100000000000
# fishsel_params_m[2]:
8.00000000000
# srv_params_f[1]:
1.64676409761
# srv_params_f[2]:
2.83302919170
# srv_params_m[1]:
1.64315096373
# srv_params_m[2]:
3.01664650825
# srv1desc_params_f[1]:
0.800000000000
# srv1desc_params_f[2]:
4.00000000000
# srv1desc_params_m[1]:
0.400000000000
# srv1desc_params_m[2]:
8.00000000000
# alpha:
1.00000000000
# beta:
0.00000000000
# mean_log_rec:
19.6756606490
# rec_dev:
 -0.673372487520 -0.116252298134 -0.133223988152 -0.129888274265 -0.249476455968 -0.289065973436 -0.290813438052 -0.471304426971 -0.312284029440 -0.479091188985 -0.0744103146349 -0.522980830938 -0.00528333424906 -0.0808681374866 -0.0443303648467 -0.205927499849 -0.316502674685 -0.330242269043 -0.167119850975 -0.138387489507 -0.154680498622 -0.00939497093961 0.0709556908117 -0.0272725461674 -0.210078063538 -0.241330199244 -0.101859593400 0.213211748235 0.553890618015 0.418194967182 0.362402871467 0.438995361391 0.383109733098 0.239611704633 0.318413474217 0.293654145026 0.0256320677247 0.0202395208230 0.0935169864899 0.0632086077868 0.227092193199 0.457561246651 0.538672444691 0.796239505883 0.386488212512 0.311326388851 0.229338281171 0.291395300562 0.340151008589 0.263389698693 -0.0579317859696 -0.0854817459168 -0.413476514312 -0.440241525736 -0.155148618732 0.0588964949996 0.107627986227 -0.0927434556432 -0.242949701617 -0.102087606264 -0.0243900515327 0.328816035412 -0.344789475147 -0.0867691297293 -0.0240277026218 0.0163069396890 -0.00286072176250
# log_avg_fmort:
-4.13075343786
# fmort_dev:
 -0.0808287792366 -0.204706554083 -0.309917330618 -0.275603570708 -0.330809565602 -0.809494282234 -0.511742035688 -1.13268323793 -1.96104418150 -2.21162816731 -0.826052881746 -0.806797459240 -1.52140553557 -0.467207213704 0.304221183497 0.494104768845 0.315559775223 0.466578678181 0.215177708587 0.402822471394 0.0745989206053 -0.164523277968 0.0558179032618 0.472208865479 0.292168734909 0.360970086620 0.713959022873 0.0436683210806 0.248932951976 0.547528589388 0.442140860959 0.568035920374 0.405968176094 0.395137256747 0.642066417697 0.255902527385 0.326243717213 0.893422845978 0.301651309143 0.383553329146 0.732483837447 0.411130450083 0.702908815236 0.572908383992 -0.162884487843 -0.00586266412835 -0.258680604317
# log_selcoffs_fish:
 -5.13814131542 -4.06310922873 -3.02882477819 -2.09692893332 -1.33902047192 -0.762445774915 -0.301102813587 0.0780622242856 0.316610831580 0.416969496168 0.417508794464 0.474223235902 0.474223235928 0.465280753866 0.459188238711 0.434205258057 0.411996409676 0.374425006662 0.341596785184
 -5.48089549544 -4.22269598437 -2.99993774945 -1.88559271870 -0.962287534289 -0.289490042924 0.118187123366 0.316005878529 0.437744989536 0.448964602862 0.454400002470 0.450705441666 0.420118603503 0.385269934062 0.360668710119 0.331192360965 0.304399771159 0.282100759059 0.265129831272
# sexr_param_fish:
1.00000000000
# F40:
0.192789630138
# F35:
0.234640092482
# F30:
0.259807465312
