# Number of parameters = 161 Objective function value = 181.949603046850  Maximum gradient component = 29.8992826290686
# q_surv[1]:
1.00000000000
# fishsel_params_f[1]:
0.400000000000
# fishsel_params_f[2]:
5.00000000000
# fishsel_params_m[1]:
0.100000000000
# fishsel_params_m[2]:
8.00000000000
# srv_params_f[1]:
1.71587657721
# srv_params_f[2]:
2.78883897273
# srv_params_m[1]:
1.70293207654
# srv_params_m[2]:
2.97249336208
# srv1desc_params_f[1]:
0.800000000000
# srv1desc_params_f[2]:
4.00000000000
# srv1desc_params_m[1]:
0.400000000000
# srv1desc_params_m[2]:
8.00000000000
# alpha:
1.00000000000
# beta:
0.00000000000
# mean_log_rec:
19.6917382653
# rec_dev:
 -0.193891196100 -0.102380215922 -0.119560997407 -0.0882990076250 -0.129117933501 -0.146055003125 -0.141335283066 -0.127634637257 -0.289192661784 -0.286125646152 -0.267628324752 -0.284329728819 -0.183537052124 -0.0160034490241 -0.147406775790 -0.194670626260 -0.207234256988 -0.271954367590 -0.288244675028 -0.291678767211 -0.171145345964 -0.105222115041 -0.00918346547033 -0.130785774246 -0.267456683472 -0.309763287996 -0.189087371857 0.134817799530 0.515084336470 0.459390984524 0.420757842134 0.461291534029 0.380781306864 0.245113183221 0.285292200803 0.281316964420 0.0434715972116 0.0297848013545 0.102022090218 0.0750247855189 0.265584065442 0.518193299520 0.595705388860 0.841138163072 0.410989072363 0.306116057813 0.216589245502 0.251695966675 0.287792199671 0.210945726508 -0.0932783021390 -0.132174199071 -0.420630472653 -0.443081298889 -0.198021413041 -0.0341137832990 -0.0169380428935 -0.220630297025 -0.343067418290 -0.209164725275 -0.118916372151 0.183713058619 -0.249015985084 -0.0752681408134 -0.00786989171491 -0.00333465900830 0.00181798057919
# log_avg_fmort:
-4.10928686426
# fmort_dev:
 -0.177978417724 -0.285519674842 -0.379484797513 -0.333640700870 -0.377434679601 -0.842175623138 -0.528428968796 -1.13519569584 -1.95144949500 -2.19209537185 -0.797343656032 -0.771884491581 -1.48027433576 -0.422772922152 0.349095106282 0.535988212551 0.351552383253 0.494724755078 0.236107198591 0.419042326678 0.0859306576161 -0.156970897161 0.0606876147991 0.474036993652 0.289689815949 0.354974406565 0.704866515809 0.0312545284044 0.232903215652 0.527265591631 0.418580218424 0.543538896733 0.382034931302 0.373121242209 0.624386187662 0.241829259196 0.316947376678 0.887487145387 0.297833007717 0.383252388915 0.737419566196 0.423042648172 0.724895475427 0.605539138364 -0.119803917246 0.0458048197550 -0.201377979530
# log_selcoffs_fish:
 -4.51694290833 -3.70259980774 -2.90228183839 -2.14347044956 -1.45768792710 -0.868760941137 -0.390282722764 -0.0312224931896 0.201213866945 0.317107821839 0.359031061254 0.408570118597 0.442205388565 0.424347346174 0.398254677665 0.374330633827 0.354849669770 0.340369152572 0.330663722726
 -4.56241988161 -3.65989030018 -2.77330837325 -1.93535643447 -1.18687503496 -0.566563860235 -0.100731040158 0.205993405883 0.370842111120 0.437969489649 0.441362712492 0.421323478258 0.387411477262 0.349174984741 0.310334510039 0.273480355699 0.240778867356 0.214146429961 0.196024113277
# sexr_param_fish:
1.00000000000
# F40:
0.201874126354
# F35:
0.246185371997
# F30:
0.258692264137
