#Species name here:
GOA_ATF
#SSL Species?
0
#Constant buffer of Dorn?
0
#Number of fisheries?
1
#Number of sexes?
2
#5year_Average_F(endyr-4,endyr_as_estimated_by_ADmodel)
0.0218324
#_Author_F_as_fraction_F_40%
1
#ABC SPR
0.4
#MSY SPR
0.35
#_Spawn_month
2
#_Number_of_ages
21
#_F_ratio(must_sum_to_one_only_one_fishery)
1
#_Natural_Mortality 1 2 3 4 5 6 7 8 9 10 11 12 13 14 15 16 17 18 19 20 21
 0.2 0.2 0.2 0.2 0.2 0.2 0.2 0.2 0.2 0.2 0.2 0.2 0.2 0.2 0.2 0.2 0.2 0.2 0.2 0.2 0.2
#_Natural_Mortality 1 2 3 4 5 6 7 8 9 10 11 12 13 14 15 16 17 18 19 20 21
 0.35 0.35 0.35 0.35 0.35 0.35 0.35 0.35 0.35 0.35 0.35 0.35 0.35 0.35 0.35 0.35 0.35 0.35 0.35 0.35 0.35
#_Maturity_divided_by_2(projection_program_uses_to_get_female_spawning_biomass_if_sdivide_by_2 1 2 3 4 5 6 7 8 9 10 11 12 13 14 15 16 17 18 19 20 21
 0 0.001 0.004 0.016 0.062 0.209 0.513 0.808 0.944 0.985 0.996 0.999 1 1 1 1 1 1 1 1 1
#_Wt_at_age_spawners 1 2 3 4 5 6 7 8 9 10 11 12 13 14 15 16 17 18 19 20 21
 0.0615685 0.120383 0.201743 0.305137 0.429037 0.571272 0.729304 0.900441 1.08199 1.27136 1.46615 1.66413 1.86337 2.06212 2.25892 2.45251 2.64185 2.82609 3.00458 3.1768 3.72969
#_Wt_at_age_fishery1 female 1 2 3 4 5 6 7 8 9 10 11 12 13 14 15 16 17 18 19 20 21
 0.0615685 0.120383 0.201743 0.305137 0.429037 0.571272 0.729304 0.900441 1.08199 1.27136 1.46615 1.66413 1.86337 2.06212 2.25892 2.45251 2.64185 2.82609 3.00458 3.1768 3.72969
#_Wt_at_age_spawners1 male 1 2 3 4 5 6 7 8 9 10 11 12 13 14 15 16 17 18 19 20 21
 0.0424556 0.0982776 0.173798 0.262825 0.359179 0.45764 0.554226 0.646163 0.731696 0.809874 0.880339 0.943148 0.998632 1.04729 1.0897 1.1265 1.15828 1.18565 1.20915 1.22928 1.26598
#_Selectivity_fishery_scaled_to_max_at_one 1 2 3 4 5 6 7 8 9 10 11 12 13 14 15 16 17 18 19 20 21
 0.0070189 0.0158465 0.0352783 0.0753451 0.149585 0.269559 0.434966 0.622864 0.785848 0.882411 0.920191 0.966924 1 0.9823 0.957001 0.934377 0.916351 0.903177 0.894454 0.894454 0.894454
#_Selectivity_fishery_scaled_to_max_at_one 1 2 3 4 5 6 7 8 9 10 11 12 13 14 15 16 17 18 19 20 21
 0.00671251 0.0165519 0.0401685 0.0928547 0.196275 0.364975 0.581529 0.790279 0.931909 0.996613 1 0.98016 0.947478 0.911934 0.877193 0.845453 0.818253 0.796748 0.78244 0.78244 0.78244
#_Numbers_at_age_end_year 1 2 3 4 5 6 7 8 9 10 11 12 13 14 15 16 17 18 19 20 21
 218000 290840 236982 181256 124548 156726 94292.2 69896 49368 44834.5 43987.9 34513.5 23343.2 14551.7 11855.8 12605 10453.1 11314.4 9768.03 7541.77 34691
 218000 250329 175559 115564 68327 73941.7 38220.7 24311.8 14720.2 11455.8 9633.77 6485.58 3770.31 2023.28 1420.71 1303.23 932.844 871.958 650.097 433.289 1110.94
#_N_recruitment_years
38
#_Spawners per recruitment (starting at 1977)
 732097 725700 717993 709296 699284 690597 687868 688516 694819 702174 705764 703953 707453 728370 764725 806400 846735 886486 916642 941332 954485 965842 970795 964397 948808 940853 942759 955425 999117 1.04839e+06 1.08214e+06 1.09723e+06 1.09315e+06 1.08496e+06 1.0737e+06 1.0508e+06 1.02553e+06 987968 929376 884077 844001 807968 785828 759757
