# Number of parameters = 161 Objective function value = 293.808181417604  Maximum gradient component = 0.000188235864965636
# q_surv[1]:
1.00000000000
# fishsel_params_f[1]:
0.400000000000
# fishsel_params_f[2]:
5.00000000000
# fishsel_params_m[1]:
0.100000000000
# fishsel_params_m[2]:
8.00000000000
# srv_params_f[1]:
1.63730272622
# srv_params_f[2]:
2.84044690740
# srv_params_m[1]:
1.63809469019
# srv_params_m[2]:
3.02220404597
# srv1desc_params_f[1]:
0.800000000000
# srv1desc_params_f[2]:
4.00000000000
# srv1desc_params_m[1]:
0.400000000000
# srv1desc_params_m[2]:
8.00000000000
# alpha:
1.00000000000
# beta:
0.00000000000
# mean_log_rec:
19.6902209344
# rec_dev:
 -0.343968840999 -0.0949931540583 -0.112043997473 -0.131810956604 -0.153981937890 -0.181057214336 -0.211444315566 -0.246282699513 -0.289350062100 -0.337228037656 -0.371154267384 -0.332254929582 -0.251054292965 -0.156916779533 -0.121938834246 -0.143463466564 -0.180812381392 -0.226652177174 -0.269486051206 -0.252851482716 -0.161818717668 -0.0415587275330 0.0457387622448 -0.0533535501550 -0.225088374620 -0.258921345656 -0.129469860362 0.194792452165 0.540957275056 0.420889495527 0.363470322055 0.427376644124 0.386938839815 0.231769800049 0.307662536277 0.262585908270 0.0228794246372 0.0184567280910 0.0888238141001 0.0491245540896 0.226862122148 0.446332456888 0.523514780733 0.777488546241 0.377642397880 0.296945879166 0.217822783754 0.281213819574 0.311357584886 0.251657851938 -0.0767339616475 -0.113759768478 -0.429044794858 -0.447972390365 -0.163188381597 0.0393221376704 0.0865973460943 -0.108379968448 -0.251513099495 -0.117870534110 -0.0387320152215 0.303912422632 -0.368863061149 -0.100006608746 -0.00711563712897 -4.86375198822e-10 -9.42718773360e-09
# log_avg_fmort:
-4.05281533184
# fmort_dev:
 -0.113411793076 -0.229946995936 -0.334490666450 -0.298538943748 -0.350619585043 -0.822892470110 -0.516891340385 -1.13216428616 -1.95825748585 -2.20897435913 -0.822997742266 -0.803035254085 -1.51308715473 -0.455139627927 0.315980717130 0.499933188946 0.312874588086 0.457268413285 0.203165574359 0.391586597580 0.0645830306650 -0.172389565356 0.0508166719432 0.470351724701 0.293182362141 0.365244896426 0.720939754374 0.0513798741579 0.254608136013 0.548353892285 0.436708789045 0.558072112052 0.396285319489 0.389341086518 0.642200781520 0.259016136802 0.331069068660 0.900120557250 0.311532446360 0.398757184557 0.753184873260 0.434424308634 0.725049366997 0.590332667901 -0.150385643089 0.00471419037050 -0.247855398161
# log_selcoffs_fish:
 -5.14931855575 -4.06423310711 -3.01905454886 -2.09256577682 -1.35438960519 -0.793100690846 -0.328673989583 0.0855700804626 0.389517839239 0.507557479336 0.498936886952 0.474418079136 0.442237754566 0.407048029460 0.372268441856 0.339257766871 0.309033124488 0.281526272906 0.256938738855
 -4.90866500152 -3.88956443306 -2.89071206043 -1.95249774585 -1.12375798755 -0.447374286877 0.0493153461597 0.360975333723 0.504724419237 0.525417525670 0.496450301287 0.448525713518 0.390593744857 0.328139548914 0.265517982128 0.206321882624 0.153742768312 0.110850392667 0.0823523646529
# sexr_param_fish:
1.00000000000
# F40:
0.204102801914
# F35:
0.248129157720
# F30:
0.230013100415
