#Species name here:
GOA_ATF
#SSL Species?
0
#Constant buffer of Dorn?
0
#Number of fisheries?
1
#Number of sexes?
2
#5year_Average_F(endyr-4,endyr_as_estimated_by_ADmodel)
0.0226375
#_Author_F_as_fraction_F_40%
1
#ABC SPR
0.4
#MSY SPR
0.35
#_Spawn_month
2
#_Number_of_ages
21
#_F_ratio(must_sum_to_one_only_one_fishery)
1
#_Natural_Mortality 1 2 3 4 5 6 7 8 9 10 11 12 13 14 15 16 17 18 19 20 21
 0.2 0.2 0.2 0.2 0.2 0.2 0.2 0.2 0.2 0.2 0.2 0.2 0.2 0.2 0.2 0.2 0.2 0.2 0.2 0.2 0.2
#_Natural_Mortality 1 2 3 4 5 6 7 8 9 10 11 12 13 14 15 16 17 18 19 20 21
 0.35 0.35 0.35 0.35 0.35 0.35 0.35 0.35 0.35 0.35 0.35 0.35 0.35 0.35 0.35 0.35 0.35 0.35 0.35 0.35 0.35
#_Maturity_divided_by_2(projection_program_uses_to_get_female_spawning_biomass_if_sdivide_by_2 1 2 3 4 5 6 7 8 9 10 11 12 13 14 15 16 17 18 19 20 21
 0 0.001 0.004 0.016 0.062 0.209 0.513 0.808 0.944 0.985 0.996 0.999 1 1 1 1 1 1 1 1 1
#_Wt_at_age_spawners 1 2 3 4 5 6 7 8 9 10 11 12 13 14 15 16 17 18 19 20 21
 0.0615685 0.120383 0.201743 0.305137 0.429037 0.571272 0.729304 0.900441 1.08199 1.27136 1.46615 1.66413 1.86337 2.06212 2.25892 2.45251 2.64185 2.82609 3.00458 3.1768 3.72969
#_Wt_at_age_fishery1 female 1 2 3 4 5 6 7 8 9 10 11 12 13 14 15 16 17 18 19 20 21
 0.0615685 0.120383 0.201743 0.305137 0.429037 0.571272 0.729304 0.900441 1.08199 1.27136 1.46615 1.66413 1.86337 2.06212 2.25892 2.45251 2.64185 2.82609 3.00458 3.1768 3.72969
#_Wt_at_age_spawners1 male 1 2 3 4 5 6 7 8 9 10 11 12 13 14 15 16 17 18 19 20 21
 0.0424556 0.0982776 0.173798 0.262825 0.359179 0.45764 0.554226 0.646163 0.731696 0.809874 0.880339 0.943148 0.998632 1.04729 1.0897 1.1265 1.15828 1.18565 1.20915 1.22928 1.26598
#_Selectivity_fishery_scaled_to_max_at_one 1 2 3 4 5 6 7 8 9 10 11 12 13 14 15 16 17 18 19 20 21
 0.00349341 0.0103394 0.0294044 0.0742644 0.15537 0.272352 0.433341 0.655742 0.888661 1 0.991416 0.967404 0.936768 0.904377 0.873463 0.845101 0.81994 0.797693 0.778319 0.778319 0.778319
#_Selectivity_fishery_scaled_to_max_at_one 1 2 3 4 5 6 7 8 9 10 11 12 13 14 15 16 17 18 19 20 21
 0.00436524 0.0120948 0.0328393 0.083918 0.192208 0.378026 0.6212 0.848367 0.97952 1 0.971448 0.92599 0.87387 0.820962 0.771129 0.726806 0.689578 0.660626 0.642065 0.642065 0.642065
#_Numbers_at_age_end_year 1 2 3 4 5 6 7 8 9 10 11 12 13 14 15 16 17 18 19 20 21
 218000 291387 236837 176612 110359 176550 102055 76489.7 54002.5 49982.4 48487.9 36799 23885.7 14297 11612.3 12707.3 10539 11701.7 9952.96 7751.02 33965.2
 218000 250795 175444 112597 60543.1 83298.7 41355.8 26572.3 16062.3 12729.7 10585.9 6900.62 3855.6 1988.12 1391.7 1312.7 939.172 901.191 662.262 445.166 1086.26
#_N_recruitment_years
38
#_Spawners per recruitment (starting at 1977)
 683386 682522 681475 679190 675131 671818 674123 680130 692596 705866 714454 716879 724156 748272 786560 826609 862008 896255 922368 944673 956320 966318 969417 961122 943485 932865 930655 937022 972592 1.01368e+06 1.0419e+06 1.05535e+06 1.05291e+06 1.04853e+06 1.0426e+06 1.02536e+06 1.00515e+06 971613 916109 873407 836839 806176 791092 772630
